A1/A1c-A1h	84567	0	0.4126288105678415	0.4126288105678415	0.4126288105678415	0.4126258737412626	0.19678606427871442	0.4126288105678415	0.3140171495712607	0.4126317473650527	0.0785938210926836	0.25923851903702405	0.31992040238792835	0.4126317473650527	1.0	0.4126317473650527	0.12255193620159496	0.4126288105678415	0.44290392740181495	0.4126317473650527	0.26977460450790985	0.8976625584360391	0.4126288105678415	0.5346316342091447	0.4726005479890402	0.650868728281793	0.873622527549449	0.4126288105678415	0.6174095647608809	0.4449411011779764	0.4126288105678415	0.4126288105678415	0.5727306817329567	0.4126317473650527	0.4126288105678415	0.43217703468895935	0.4126288105678415	0.6090997725056874	0.4141117177656447	0.4126288105678415	0.4126288105678415	0.4763704725905482	0.4126317473650527	0.4126288105678415	0.4126288105678415	1.0	1.0	0.5527789444211115	0.8632920506192407	1.0	0.4126288105678415
A1/A1g	84569	0.4126288105678415	0	0.3538064619353806	0.2573474265257347	0.18146409267953661	0.5650065249021264	0.27784722152778474	0.6052778944421111	0.34337984930226045	0.47787522124778753	0.6399572008559828	0.6279993000174996	0.12977305340419892	1.0	0.0778338324925126	0.5250494990100198	0.18146818531814682	0.4938301233975321	0.33360999585006224	0.25759113613295803	0.8976620467590648	0.3264567354326457	0.5346293074138517	0.4725979110313345	0.6508669826603468	0.8736218956715649	0.24957750422495775	0.74372512549749	0.4449383259251111	0.21571784282157178	0.18146818531814682	0.5727285454290915	0.23499147512787308	0.21507784922150777	0.4321741956451089	0.18146818531814682	0.6090978180436392	0.4141087883681745	0.35626643733562663	0.3134768652313477	0.4763678544821828	0.34522982155267673	0.3668263317366826	0.18146818531814682	1.0	1.0	0.5527767083493748	0.8632913670863291	1.0	0.18897811021889782
A1-A1m-A1ca	84570	0.4126288105678415	0.3538064619353806	0	0.3538064619353806	0.3538032309838451	0.5650065249021264	0.3538064619353806	0.6052778944421111	0.25850112248316276	0.47787522124778753	0.6399572008559828	0.6279993000174996	0.35380969285460717	1.0	0.35380969285460717	0.5250494990100198	0.18456815431845683	0.4938301233975321	0.20609190862137067	0.35380969285460717	0.8976620467590648	0.3538064619353806	0.5346293074138517	0.4725979110313345	0.6508669826603468	0.8736218956715649	0.3538064619353806	0.74372512549749	0.4449383259251111	0.3538064619353806	0.3538064619353806	0.5727285454290915	0.35380969285460717	0.3538064619353806	0.4321741956451089	0.3538064619353806	0.6090978180436392	0.4141087883681745	0.35626643733562663	0.15524844751552486	0.36943945840812387	0.35380969285460717	0.15507844921550784	0.3538064619353806	1.0	1.0	0.5527767083493748	0.8632913670863291	1.0	0.36544634553654465
A1-A1ci	84571	0.4126288105678415	0.2573474265257347	0.3538064619353806	0	0.2573437132814336	0.5650065249021264	0.27784722152778474	0.6052778944421111	0.34337984930226045	0.47787522124778753	0.6399572008559828	0.6279993000174996	0.258151127733084	1.0	0.257351139732904	0.5250494990100198	0.2573474265257347	0.28038439231215373	0.33360999585006224	0.25759113613295803	0.8976620467590648	0.3264567354326457	0.5346293074138517	0.4725979110313345	0.6508669826603468	0.8736218956715649	0.2573474265257347	0.74372512549749	0.4449383259251111	0.2573474265257347	0.2573474265257347	0.5727285454290915	0.257351139732904	0.2573474265257347	0.4321741956451089	0.2573474265257347	0.6090978180436392	0.4141087883681745	0.35626643733562663	0.3134768652313477	0.4763678544821828	0.34522982155267673	0.3668263317366826	0.2573474265257347	1.0	1.0	0.5527767083493748	0.8632913670863291	1.0	0.36544634553654465
A1	84552	0.4126258737412626	0.18146409267953661	0.3538032309838451	0.2573437132814336	0	0.5650043499565004	0.2778436107819461	0.6052759208611871	0.34337656623433765	0.4778726106369468	0.6399554006689899	0.627997440051199	0.25814741852581474	1.0	0.25275747242527574	0.5250471242931356	0.16923415382923085	0.4938275925861112	0.3336066639333607	0.25758742412575875	0.8976615350769739	0.32645336773316136	0.5346269805952911	0.47259527404725954	0.6508652370214447	0.8736212637873622	0.24957375213123933	0.7437238441423378	0.4449355506444936	0.21571392143039284	0.14113429432852836	0.5727264091038634	0.23498765012349876	0.21507392463037686	0.43217135657286854	0.12671436642816786	0.6090958635620466	0.4141058589414106	0.3562632186839066	0.31347343263283683	0.4763652363476365	0.34522654773452266	0.3668231658841706	0.17609411952940235	1.0	1.0	0.5527744722552774	0.8632906835465822	1.0	0.36544317278413607
A1/A1c-A1cc-A1h	84553	0.19678606427871442	0.5650065249021264	0.5650065249021264	0.5650065249021264	0.5650043499565004	0	0.5650065249021264	0.1359816004599885	0.5650086998260034	0.21013184802227966	0.1391915202119947	0.17558473245802625	0.5650086998260034	1.0	0.5650086998260034	0.17804054898627533	0.5650065249021264	0.5140821479463014	0.5650086998260034	0.42215155696886064	0.8976625584360391	0.5650065249021264	0.5650108747281318	0.5650086998260034	0.650868728281793	0.873622527549449	0.5650065249021264	0.6174095647608809	0.5650086998260034	0.5650065249021264	0.5650065249021264	0.5727306817329567	0.5650086998260034	0.5650065249021264	0.5650130496085117	0.5650065249021264	0.6090997725056874	0.5650086998260034	0.5650065249021264	0.5650065249021264	0.5650086998260034	0.5650086998260034	0.5650065249021264	0.5650065249021264	0.8219617803821961	1.0	0.5650086998260034	0.8632920506192407	1.0	0.5650065249021264
A1-A1cu	84555	0.4126288105678415	0.27784722152778474	0.3538064619353806	0.27784722152778474	0.2778436107819461	0.5650065249021264	0	0.6052778944421111	0.34337984930226045	0.47787522124778753	0.6399572008559828	0.6279993000174996	0.27785083223751644	1.0	0.27785083223751644	0.5250494990100198	0.27784722152778474	0.4938301233975321	0.33360999585006224	0.27785083223751644	0.8976620467590648	0.3264567354326457	0.5346293074138517	0.4725979110313345	0.6508669826603468	0.8736218956715649	0.27784722152778474	0.74372512549749	0.4449383259251111	0.27784722152778474	0.27784722152778474	0.5727285454290915	0.27785083223751644	0.27784722152778474	0.4321741956451089	0.27784722152778474	0.6090978180436392	0.4141087883681745	0.35626643733562663	0.3134768652313477	0.4763678544821828	0.34522982155267673	0.3668263317366826	0.27784722152778474	1.0	1.0	0.5527767083493748	0.8632913670863291	1.0	0.36544634553654465
A1-A1cc-A1c-A1h-A1q-A1i	85581	0.3140171495712607	0.6052778944421111	0.6052778944421111	0.6052778944421111	0.6052759208611871	0.1359816004599885	0.6052778944421111	0	0.6052798680032999	0.3140137197256055	0.222423327300181	0.19240826571070013	0.6052798680032999	1.0	0.6052798680032999	0.3140205793826185	0.6052778944421111	0.554353369398918	0.6052798680032999	0.4811529711757206	0.8976630701078968	0.6052778944421111	0.6052818415447536	0.6052798680032999	0.6508704738857835	0.8736231594210144	0.6052778944421111	0.6174114776556703	0.6052798680032999	0.6052778944421111	0.6052778944421111	0.6052818415447536	0.6052798680032999	0.6052778944421111	0.6052838150664727	0.6052778944421111	0.6091017269481915	0.6052798680032999	0.6052778944421111	0.6052778944421111	0.6052798680032999	0.6052798680032999	0.6052778944421111	0.6052778944421111	0.8154427683584746	1.0	0.6052798680032999	0.863292734145317	1.0	0.6052778944421111
A1-A1cl-A1m	85583	0.4126317473650527	0.34337984930226045	0.25850112248316276	0.34337984930226045	0.34337656623433765	0.5650086998260034	0.34337984930226045	0.6052798680032999	0	0.4778778318325225	0.6399590010249744	0.628001159965201	0.34338313233735324	1.0	0.34338313233735324	0.5250518737031574	0.24807127893081604	0.4938326541836454	0.24807503849923002	0.34338313233735324	0.8976625584360391	0.34337984930226045	0.5346316342091447	0.4726005479890402	0.650868728281793	0.873622527549449	0.34337984930226045	0.743726406839829	0.4449411011779764	0.34337984930226045	0.34337984930226045	0.5727306817329567	0.34338313233735324	0.34337984930226045	0.43217703468895935	0.34337984930226045	0.6090997725056874	0.4141117177656447	0.3562696559551607	0.24807127893081604	0.38106237875242494	0.34523309533809327	0.2715209271860922	0.34337984930226045	1.0	0.7519224807751923	0.5527789444211115	0.8632920506192407	1.0	0.36544951825722616
A1-A1c-A1h-A1cv	85584	0.0785938210926836	0.47787522124778753	0.47787522124778753	0.47787522124778753	0.4778726106369468	0.21013184802227966	0.47787522124778753	0.3140137197256055	0.4778778318325225	0	0.27258454830903384	0.3199170020749481	0.41099883501747475	1.0	0.4778778318325225	0.13589728205435891	0.47787522124778753	0.44290114197716046	0.4778778318325225	0.3350199747003795	0.8976620467590648	0.47787522124778753	0.5346293074138517	0.4778778318325225	0.6508669826603468	0.8736218956715649	0.47787522124778753	0.6174076518469631	0.41099883501747475	0.47787522124778753	0.47787522124778753	0.5727285454290915	0.4778778318325225	0.47787522124778753	0.4778830529236769	0.47787522124778753	0.6090978180436392	0.4778778318325225	0.47787522124778753	0.47787522124778753	0.4778778318325225	0.4778778318325225	0.47787522124778753	0.47787522124778753	1.0	1.0	0.5527767083493748	0.8632913670863291	1.0	0.47787522124778753
A1/A1c-A1h-A1cc-A1ce-A1ch	85585	0.25923851903702405	0.6399572008559828	0.6399572008559828	0.6399572008559828	0.6399554006689899	0.1391915202119947	0.6399572008559828	0.222423327300181	0.6399590010249744	0.27258454830903384	0	0.15344962926297578	0.6399590010249744	1.0	0.6399590010249744	0.185064448066558	0.6399572008559828	0.5890323290301291	0.6399590010249744	0.4971025724356891	0.8976630701078968	0.6399572008559828	0.6399608011759648	0.6399590010249744	0.6508704738857835	0.8736231594210144	0.6399572008559828	0.6174114776556703	0.6399590010249744	0.6399572008559828	0.6399572008559828	0.6399608011759648	0.6399590010249744	0.6399572008559828	0.6399626013089542	0.6399572008559828	0.6399608011759648	0.6399590010249744	0.6399572008559828	0.6399572008559828	0.6399590010249744	0.6399590010249744	0.6399572008559828	0.6399572008559828	0.8737218941715874	1.0	0.6399590010249744	0.863292734145317	1.0	0.6399572008559828
A1-A1c-A1cc-A1h-A1bv-A1cb-A1ce	85586	0.31992040238792835	0.6279993000174996	0.6279993000174996	0.6279993000174996	0.627997440051199	0.17558473245802625	0.6279993000174996	0.19240826571070013	0.628001159965201	0.3199170020749481	0.15344962926297578	0	0.628001159965201	1.0	0.628001159965201	0.2677656282030129	0.6279993000174996	0.5770748023819167	0.628001159965201	0.49777506674799754	0.7742279020234292	0.5619209519762006	0.5619253326133585	0.5619231423057308	0.6508722194723184	0.7501874943751687	0.6279993000174996	0.4939777107801227	0.628001159965201	0.6279993000174996	0.6279993000174996	0.6280030198943037	0.628001159965201	0.6279993000174996	0.6280048798048078	0.6279993000174996	0.6280030198943037	0.628001159965201	0.6279993000174996	0.6279993000174996	0.628001159965201	0.628001159965201	0.6279993000174996	0.6279993000174996	0.8556628867422652	1.0	0.5045648630541084	0.7398565035874103	1.0	0.6279993000174996
A1-A1g-A1cv	85589	0.4126317473650527	0.12977305340419892	0.35380969285460717	0.258151127733084	0.25814741852581474	0.5650086998260034	0.27785083223751644	0.6052798680032999	0.34338313233735324	0.41099883501747475	0.6399590010249744	0.628001159965201	0	1.0	0.12977740445191097	0.5250518737031574	0.258151127733084	0.4938326541836454	0.3336133277334453	0.2581548369032619	0.8976625584360391	0.3264601030984535	0.5346316342091447	0.4726005479890402	0.650868728281793	0.873622527549449	0.258151127733084	0.743726406839829	0.34366312673746524	0.258151127733084	0.258151127733084	0.5727306817329567	0.2581548369032619	0.258151127733084	0.43217703468895935	0.258151127733084	0.6090997725056874	0.4141117177656447	0.3562696559551607	0.31348029779553305	0.4763704725905482	0.34523309533809327	0.36682949755753663	0.258151127733084	1.0	1.0	0.5527789444211115	0.8632920506192407	1.0	0.23707144392834106
A1ej	85590	1.0	1.0	1.0	1.0	1.0	1.0	1.0	1.0	1.0	1.0	1.0	1.0	1.0	0	1.0	1.0	1.0	1.0	1.0	1.0	1.0	1.0	1.0	1.0	1.0	1.0	1.0	1.0	1.0	1.0	1.0	1.0	1.0	1.0	1.0	1.0	1.0	1.0	1.0	1.0	1.0	1.0	1.0	1.0	1.0	1.0	1.0	1.0	1.0	1.0
A1-A1g-A1dl	85591	0.4126317473650527	0.0778338324925126	0.35380969285460717	0.257351139732904	0.25275747242527574	0.5650086998260034	0.27785083223751644	0.6052798680032999	0.34338313233735324	0.4778778318325225	0.6399590010249744	0.628001159965201	0.12977740445191097	1.0	0	0.5250518737031574	0.2527612085818713	0.4938326541836454	0.27922441551168975	0.17975640487190256	0.8976625584360391	0.3264601030984535	0.5346316342091447	0.39476210475790485	0.650868728281793	0.873622527549449	0.2527612085818713	0.743726406839829	0.4449411011779764	0.2527612085818713	0.2527612085818713	0.4948926276843079	0.1895062098758025	0.17492237616435755	0.35433936981890546	0.2527612085818713	0.6090997725056874	0.4141117177656447	0.3562696559551607	0.31348029779553305	0.4763704725905482	0.34523309533809327	0.36682949755753663	0.17492237616435755	1.0	1.0	0.5527789444211115	0.8632920506192407	1.0	0.19052214216786748
A1/A1c-A1h-A1ce	84568	0.12255193620159496	0.5250494990100198	0.5250494990100198	0.5250494990100198	0.5250471242931356	0.17804054898627533	0.5250494990100198	0.3140205793826185	0.5250518737031574	0.13589728205435891	0.185064448066558	0.2677656282030129	0.5250518737031574	1.0	0.5250518737031574	0	0.5250494990100198	0.4741257762267132	0.5250518737031574	0.38219544511387216	0.8976630701078968	0.5250494990100198	0.5346339609811706	0.5250518737031574	0.6508704738857835	0.8736231594210144	0.5250494990100198	0.6174114776556703	0.5250518737031574	0.5250494990100198	0.5250494990100198	0.5727328180154595	0.5250518737031574	0.5250494990100198	0.5250566230181943	0.5250494990100198	0.6091017269481915	0.5250518737031574	0.5250494990100198	0.5250494990100198	0.5250518737031574	0.5250518737031574	0.5250494990100198	0.5250494990100198	1.0	1.0	0.5527811804704882	0.863292734145317	1.0	0.5250494990100198
A1-A1m	84566	0.4126288105678415	0.18146818531814682	0.18456815431845683	0.2573474265257347	0.16923415382923085	0.5650065249021264	0.27784722152778474	0.6052778944421111	0.24807127893081604	0.47787522124778753	0.6399572008559828	0.6279993000174996	0.258151127733084	1.0	0.2527612085818713	0.5250494990100198	0	0.4938301233975321	0.18589221161682576	0.25759113613295803	0.8976620467590648	0.3264567354326457	0.5346293074138517	0.4725979110313345	0.6508669826603468	0.8736218956715649	0.24957750422495775	0.74372512549749	0.4449383259251111	0.21571784282157178	0.16923830761692382	0.5727285454290915	0.23499147512787308	0.21507784922150777	0.4321741956451089	0.16923830761692382	0.6090978180436392	0.4141087883681745	0.35626643733562663	0.14423855761442386	0.36943945840812387	0.34522982155267673	0.19758802411975881	0.17609823901760982	1.0	1.0	0.5527767083493748	0.8632913670863291	1.0	0.36544634553654465
A1-A1ci-A1bw-A1bf-A1h	85594	0.44290392740181495	0.4938301233975321	0.4938301233975321	0.28038439231215373	0.4938275925861112	0.5140821479463014	0.4938301233975321	0.554353369398918	0.4938326541836454	0.44290114197716046	0.5890323290301291	0.5770748023819167	0.4938326541836454	1.0	0.4938326541836454	0.4741257762267132	0.4938301233975321	0	0.4938326541836454	0.44290392740181495	0.8976630701078968	0.4938301233975321	0.34303970880873574	0.4938326541836454	0.6508704738857835	0.8736231594210144	0.4938301233975321	0.743727688169355	0.4938326541836454	0.4938301233975321	0.4938301233975321	0.5727328180154595	0.4938326541836454	0.4938301233975321	0.26440574579889703	0.4938301233975321	0.6091017269481915	0.4938326541836454	0.4938301233975321	0.4938301233975321	0.4938326541836454	0.2643683907902302	0.4938301233975321	0.4938301233975321	1.0	1.0	0.5527811804704882	0.863292734145317	1.0	0.4938301233975321
A1-A1m-A1cd-A1dl	85596	0.4126317473650527	0.33360999585006224	0.20609190862137067	0.33360999585006224	0.3336066639333607	0.5650086998260034	0.33360999585006224	0.6052798680032999	0.24807503849923002	0.4778778318325225	0.6399590010249744	0.628001159965201	0.3336133277334453	1.0	0.27922441551168975	0.5250518737031574	0.18589221161682576	0.4938326541836454	0	0.27922441551168975	0.8976625584360391	0.33360999585006224	0.5346316342091447	0.41821163576728465	0.650868728281793	0.873622527549449	0.33360999585006224	0.743726406839829	0.4449411011779764	0.33360999585006224	0.33360999585006224	0.5183420414489638	0.27922441551168975	0.2792208116878247	0.3777886663400098	0.33360999585006224	0.6090997725056874	0.4141117177656447	0.3562696559551607	0.18589221161682576	0.36944261114777704	0.34523309533809327	0.21911171332430013	0.2792208116878247	1.0	1.0	0.5527789444211115	0.8632920506192407	1.0	0.36544951825722616
A1-A1h-A1dl	85595	0.26977460450790985	0.25759113613295803	0.35380969285460717	0.25759113613295803	0.25758742412575875	0.42215155696886064	0.27785083223751644	0.4811529711757206	0.34338313233735324	0.3350199747003795	0.4971025724356891	0.49777506674799754	0.2581548369032619	1.0	0.17975640487190256	0.38219544511387216	0.25759113613295803	0.44290392740181495	0.27922441551168975	0	0.8976625584360391	0.3264601030984535	0.5346316342091447	0.35949281014379714	0.650868728281793	0.873622527549449	0.25759113613295803	0.743726406839829	0.4449411011779764	0.25759113613295803	0.25759113613295803	0.457993550161246	0.19433611327773445	0.1681324780128298	0.3403197904062878	0.25759113613295803	0.6090997725056874	0.4141117177656447	0.3562696559551607	0.31348029779553305	0.4763704725905482	0.34523309533809327	0.36682949755753663	0.1428528572071419	1.0	1.0	0.5527789444211115	0.8632920506192407	1.0	0.36544951825722616
A1j-A1bv-A1cb-A1cf-A1	84574	0.8976625584360391	0.8976620467590648	0.8976620467590648	0.8976620467590648	0.8976615350769739	0.8976625584360391	0.8976620467590648	0.8976630701078968	0.8976625584360391	0.8976620467590648	0.8976630701078968	0.7742279020234292	0.8976625584360391	1.0	0.8976625584360391	0.8976630701078968	0.8976620467590648	0.8976630701078968	0.8976625584360391	0.8976625584360391	0	0.7269354612907741	0.8257352279431617	0.7269368265793356	0.8976630701078968	0.14388140296492588	0.8976620467590648	0.3622691319260422	0.8976625584360391	0.8976620467590648	0.8976620467590648	0.8976630701078968	0.8976625584360391	0.8976620467590648	0.8976635817746379	0.8976620467590648	0.8976630701078968	0.8976625584360391	0.8976620467590648	0.8976620467590648	0.8976625584360391	0.8976625584360391	0.8976620467590648	0.8976620467590648	1.0	1.0	0.5320416989575261	0.12108757824843504	1.0	0.8976620467590648
A1-A1bv-A1z	85599	0.4126288105678415	0.3264567354326457	0.3538064619353806	0.3264567354326457	0.32645336773316136	0.5650065249021264	0.3264567354326457	0.6052778944421111	0.34337984930226045	0.47787522124778753	0.6399572008559828	0.5619209519762006	0.3264601030984535	1.0	0.3264601030984535	0.5250494990100198	0.3264567354326457	0.4938301233975321	0.33360999585006224	0.3264601030984535	0.7269354612907741	0	0.4627007459850803	0.26210106848397274	0.6508669826603468	0.7176242356364655	0.3264567354326457	0.5687686246275074	0.4449383259251111	0.21997780022199778	0.2104978950210498	0.5727285454290915	0.3264601030984535	0.3264567354326457	0.4321741956451089	0.3264567354326457	0.6090978180436392	0.4141087883681745	0.35626643733562663	0.21153788462115378	0.4763678544821828	0.34522982155267673	0.3668263317366826	0.3264567354326457	1.0	1.0	0.342279865802013	0.6838931610683893	1.0	0.36544634553654465
A1-A1cn-A1dd-A1bw-A1bf-A1bv	85600	0.5346316342091447	0.5346293074138517	0.5346293074138517	0.5346293074138517	0.5346269805952911	0.5650108747281318	0.5346293074138517	0.6052818415447536	0.5346316342091447	0.5346293074138517	0.6399608011759648	0.5619253326133585	0.5346316342091447	1.0	0.5346316342091447	0.5346339609811706	0.5346293074138517	0.34303970880873574	0.5346316342091447	0.5346316342091447	0.8257352279431617	0.4627007459850803	0	0.46270343241418965	0.6508704738857835	0.8016949576260594	0.5346293074138517	0.6717998460046198	0.5346316342091447	0.5346293074138517	0.5346293074138517	0.5727328180154595	0.5346316342091447	0.5346293074138517	0.34304299349522765	0.5346293074138517	0.6091017269481915	0.5346316342091447	0.5346293074138517	0.5346293074138517	0.5346316342091447	0.3430364240893978	0.5346293074138517	0.5346293074138517	1.0	1.0	0.4808529786755331	0.7913641727165457	1.0	0.5346293074138517
A1-A1bv-A1dl	85601	0.4726005479890402	0.4725979110313345	0.4725979110313345	0.4725979110313345	0.47259527404725954	0.5650086998260034	0.4725979110313345	0.6052798680032999	0.4726005479890402	0.4778778318325225	0.6399590010249744	0.5619231423057308	0.4726005479890402	1.0	0.39476210475790485	0.5250518737031574	0.4725979110313345	0.4938326541836454	0.41821163576728465	0.35949281014379714	0.7269368265793356	0.26210106848397274	0.46270343241418965	0	0.650868728281793	0.7176256474870503	0.4725979110313345	0.5687707807304817	0.4726005479890402	0.4725979110313345	0.4725979110313345	0.4596235094122647	0.40934181316373675	0.3831392529112063	0.3807485775426737	0.4725979110313345	0.6090997725056874	0.4726005479890402	0.4725979110313345	0.4725979110313345	0.4763704725905482	0.4726005479890402	0.4725979110313345	0.35948960765588517	1.0	1.0	0.19489610207795843	0.6838947415788763	1.0	0.4725979110313345
A1/A1bz-A1by-A1cy	84576	0.650868728281793	0.6508669826603468	0.6508669826603468	0.6508669826603468	0.6508652370214447	0.650868728281793	0.6508669826603468	0.6508704738857835	0.650868728281793	0.6508669826603468	0.6508704738857835	0.6508722194723184	0.650868728281793	1.0	0.650868728281793	0.6508704738857835	0.6508669826603468	0.6508704738857835	0.650868728281793	0.650868728281793	0.8976630701078968	0.6508669826603468	0.6508704738857835	0.650868728281793	0	0.8736231594210144	0.6508669826603468	0.743727688169355	0.650868728281793	0.6508669826603468	0.6508669826603468	0.6508704738857835	0.650868728281793	0.6508669826603468	0.6508722194723184	0.6508669826603468	0.6508704738857835	0.650868728281793	0.6508669826603468	0.6508669826603468	0.650868728281793	0.650868728281793	0.6508669826603468	0.6508669826603468	1.0	1.0	0.650868728281793	0.863292734145317	1.0	0.6508669826603468
A1j-A1bv-A1cb-A1-A1eg	84575	0.873622527549449	0.8736218956715649	0.8736218956715649	0.8736218956715649	0.8736212637873622	0.873622527549449	0.8736218956715649	0.8736231594210144	0.873622527549449	0.8736218956715649	0.8736231594210144	0.7501874943751687	0.873622527549449	1.0	0.873622527549449	0.8736231594210144	0.8736218956715649	0.8736231594210144	0.873622527549449	0.873622527549449	0.14388140296492588	0.7176242356364655	0.8016949576260594	0.7176256474870503	0.8736231594210144	0	0.8736218956715649	0.361015974600635	0.873622527549449	0.8736218956715649	0.8736218956715649	0.8736231594210144	0.873622527549449	0.8736218956715649	0.8736237912862614	0.8736218956715649	0.8736231594210144	0.873622527549449	0.8736218956715649	0.8736218956715649	0.873622527549449	0.873622527549449	0.8736218956715649	0.8736218956715649	1.0	1.0	0.5227295454090918	0.09864352034719479	1.0	0.8736218956715649
A1-A1p	84573	0.4126288105678415	0.24957750422495775	0.3538064619353806	0.2573474265257347	0.24957375213123933	0.5650065249021264	0.27784722152778474	0.6052778944421111	0.34337984930226045	0.47787522124778753	0.6399572008559828	0.6279993000174996	0.258151127733084	1.0	0.2527612085818713	0.5250494990100198	0.24957750422495775	0.4938301233975321	0.33360999585006224	0.25759113613295803	0.8976620467590648	0.3264567354326457	0.5346293074138517	0.4725979110313345	0.6508669826603468	0.8736218956715649	0	0.74372512549749	0.4449383259251111	0.24957750422495775	0.24957750422495775	0.5727285454290915	0.2495812562811558	0.24957750422495775	0.4321741956451089	0.24957750422495775	0.6090978180436392	0.4141087883681745	0.35626643733562663	0.3134768652313477	0.4763678544821828	0.34522982155267673	0.3668263317366826	0.24957750422495775	1.0	1.0	0.5527767083493748	0.8632913670863291	1.0	0.36544634553654465
A1/A1j-A1bv-A1cb-A1c-A1cg	84572	0.6174095647608809	0.74372512549749	0.74372512549749	0.74372512549749	0.7437238441423378	0.6174095647608809	0.74372512549749	0.6174114776556703	0.743726406839829	0.6174076518469631	0.6174114776556703	0.4939777107801227	0.743726406839829	1.0	0.743726406839829	0.6174114776556703	0.74372512549749	0.743727688169355	0.743726406839829	0.743726406839829	0.3622691319260422	0.5687686246275074	0.6717998460046198	0.5687707807304817	0.743727688169355	0.361015974600635	0.74372512549749	0	0.743726406839829	0.74372512549749	0.74372512549749	0.743727688169355	0.743726406839829	0.74372512549749	0.743728969486068	0.74372512549749	0.743727688169355	0.743726406839829	0.74372512549749	0.74372512549749	0.743726406839829	0.743726406839829	0.74372512549749	0.74372512549749	1.0	1.0	0.37387565310867227	0.31854362912741746	1.0	0.74372512549749
A1/A1k-A1cv	85611	0.4449411011779764	0.4449383259251111	0.4449383259251111	0.4449383259251111	0.4449355506444936	0.5650086998260034	0.4449383259251111	0.6052798680032999	0.4449411011779764	0.41099883501747475	0.6399590010249744	0.628001159965201	0.34366312673746524	1.0	0.4449411011779764	0.5250518737031574	0.4449383259251111	0.4938326541836454	0.4449411011779764	0.4449411011779764	0.8976625584360391	0.4449383259251111	0.5346316342091447	0.4726005479890402	0.650868728281793	0.873622527549449	0.4449383259251111	0.743726406839829	0	0.4449383259251111	0.4449383259251111	0.5727306817329567	0.4449411011779764	0.4449383259251111	0.444946651600452	0.4449383259251111	0.6090997725056874	0.4449411011779764	0.4449383259251111	0.4449383259251111	0.4763704725905482	0.4449411011779764	0.4449383259251111	0.4449383259251111	1.0	1.0	0.5527789444211115	0.8632920506192407	1.0	0.4449383259251111
A1-A1bh-A1z	85615	0.4126288105678415	0.21571784282157178	0.3538064619353806	0.2573474265257347	0.21571392143039284	0.5650065249021264	0.27784722152778474	0.6052778944421111	0.34337984930226045	0.47787522124778753	0.6399572008559828	0.6279993000174996	0.258151127733084	1.0	0.2527612085818713	0.5250494990100198	0.21571784282157178	0.4938301233975321	0.33360999585006224	0.25759113613295803	0.8976620467590648	0.21997780022199778	0.5346293074138517	0.4725979110313345	0.6508669826603468	0.8736218956715649	0.24957750422495775	0.74372512549749	0.4449383259251111	0	0.10923890761092389	0.5727285454290915	0.23499147512787308	0.21571784282157178	0.4321741956451089	0.21571784282157178	0.6090978180436392	0.4141087883681745	0.35626643733562663	0.2069979300206998	0.4763678544821828	0.34522982155267673	0.3668263317366826	0.21571784282157178	1.0	1.0	0.5527767083493748	0.8632913670863291	1.0	0.36544634553654465
A1-A1z	84591	0.4126288105678415	0.18146818531814682	0.3538064619353806	0.2573474265257347	0.14113429432852836	0.5650065249021264	0.27784722152778474	0.6052778944421111	0.34337984930226045	0.47787522124778753	0.6399572008559828	0.6279993000174996	0.258151127733084	1.0	0.2527612085818713	0.5250494990100198	0.16923830761692382	0.4938301233975321	0.33360999585006224	0.25759113613295803	0.8976620467590648	0.2104978950210498	0.5346293074138517	0.4725979110313345	0.6508669826603468	0.8736218956715649	0.24957750422495775	0.74372512549749	0.4449383259251111	0.10923890761092389	0	0.5727285454290915	0.23499147512787308	0.21507784922150777	0.4321741956451089	0.14113858861411385	0.6090978180436392	0.4141087883681745	0.35626643733562663	0.1985580144198558	0.4763678544821828	0.34522982155267673	0.3668263317366826	0.17609823901760982	1.0	1.0	0.5527767083493748	0.8632913670863291	1.0	0.36544634553654465
A1-A1dv-A1dw-A1dl	84599	0.5727306817329567	0.5727285454290915	0.5727285454290915	0.5727285454290915	0.5727264091038634	0.5727306817329567	0.5727285454290915	0.6052818415447536	0.5727306817329567	0.5727285454290915	0.6399608011759648	0.6280030198943037	0.5727306817329567	1.0	0.4948926276843079	0.5727328180154595	0.5727285454290915	0.5727328180154595	0.5183420414489638	0.457993550161246	0.8976630701078968	0.5727285454290915	0.5727328180154595	0.4596235094122647	0.6508704738857835	0.8736231594210144	0.5727285454290915	0.743727688169355	0.5727306817329567	0.5727285454290915	0.5727285454290915	0	0.5094722631934202	0.48327033459330815	0.4808781692640758	0.5727285454290915	0.6091017269481915	0.5727306817329567	0.5727285454290915	0.5727285454290915	0.5727306817329567	0.5727306817329567	0.5727285454290915	0.4534709305813884	1.0	1.0	0.5727306817329567	0.863292734145317	1.0	0.5727285454290915
A1-A1db-A1dl	85623	0.4126317473650527	0.23499147512787308	0.35380969285460717	0.257351139732904	0.23498765012349876	0.5650086998260034	0.27785083223751644	0.6052798680032999	0.34338313233735324	0.4778778318325225	0.6399590010249744	0.628001159965201	0.2581548369032619	1.0	0.1895062098758025	0.5250518737031574	0.23499147512787308	0.4938326541836454	0.27922441551168975	0.19433611327773445	0.8976625584360391	0.3264601030984535	0.5346316342091447	0.40934181316373675	0.650868728281793	0.873622527549449	0.2495812562811558	0.743726406839829	0.4449411011779764	0.23499147512787308	0.23499147512787308	0.5094722631934202	0	0.1717324240136398	0.36891893243202706	0.10827337589936151	0.6090997725056874	0.4141117177656447	0.3562696559551607	0.31348029779553305	0.4763704725905482	0.34523309533809327	0.36682949755753663	0.1717324240136398	1.0	1.0	0.5527789444211115	0.8632920506192407	1.0	0.36544951825722616
A1-A1cr-A1dl	85624	0.4126288105678415	0.21507784922150777	0.3538064619353806	0.2573474265257347	0.21507392463037686	0.5650065249021264	0.27784722152778474	0.6052778944421111	0.34337984930226045	0.47787522124778753	0.6399572008559828	0.6279993000174996	0.258151127733084	1.0	0.17492237616435755	0.5250494990100198	0.21507784922150777	0.4938301233975321	0.2792208116878247	0.1681324780128298	0.8976620467590648	0.3264567354326457	0.5346293074138517	0.3831392529112063	0.6508669826603468	0.8736218956715649	0.24957750422495775	0.74372512549749	0.4449383259251111	0.21571784282157178	0.21507784922150777	0.48327033459330815	0.1717324240136398	0	0.3427164320891978	0.21507784922150777	0.6090978180436392	0.4141087883681745	0.35626643733562663	0.3134768652313477	0.4763678544821828	0.34522982155267673	0.3668263317366826	0.12561874381256188	1.0	1.0	0.5527767083493748	0.8632913670863291	1.0	0.36544634553654465
A1-A1bw-A1bf-A1bx-A1dl	85625	0.43217703468895935	0.4321741956451089	0.4321741956451089	0.4321741956451089	0.43217135657286854	0.5650130496085117	0.4321741956451089	0.6052838150664727	0.43217703468895935	0.4778830529236769	0.6399626013089542	0.6280048798048078	0.43217703468895935	1.0	0.35433936981890546	0.5250566230181943	0.4321741956451089	0.26440574579889703	0.3777886663400098	0.3403197904062878	0.8976635817746379	0.4321741956451089	0.34304299349522765	0.3807485775426737	0.6508722194723184	0.8736237912862614	0.4321741956451089	0.743728969486068	0.444946651600452	0.4321741956451089	0.4321741956451089	0.4808781692640758	0.36891893243202706	0.3427164320891978	0	0.4321741956451089	0.609103681371152	0.43217703468895935	0.4321741956451089	0.4321741956451089	0.47637570872873813	0.09371718848434547	0.4321741956451089	0.3403164920876978	1.0	1.0	0.5527834164975051	0.8632934176645584	1.0	0.4321741956451089
A1-A1db	84603	0.4126288105678415	0.18146818531814682	0.3538064619353806	0.2573474265257347	0.12671436642816786	0.5650065249021264	0.27784722152778474	0.6052778944421111	0.34337984930226045	0.47787522124778753	0.6399572008559828	0.6279993000174996	0.258151127733084	1.0	0.2527612085818713	0.5250494990100198	0.16923830761692382	0.4938301233975321	0.33360999585006224	0.25759113613295803	0.8976620467590648	0.3264567354326457	0.5346293074138517	0.4725979110313345	0.6508669826603468	0.8736218956715649	0.24957750422495775	0.74372512549749	0.4449383259251111	0.21571784282157178	0.14113858861411385	0.5727285454290915	0.10827337589936151	0.21507784922150777	0.4321741956451089	0	0.6090978180436392	0.4141087883681745	0.35626643733562663	0.3134768652313477	0.4763678544821828	0.34522982155267673	0.3668263317366826	0.17609823901760982	1.0	1.0	0.5527767083493748	0.8632913670863291	1.0	0.36544634553654465
A1/A1cz-A1cs-A1cw	84604	0.6090997725056874	0.6090978180436392	0.6090978180436392	0.6090978180436392	0.6090958635620466	0.6090997725056874	0.6090978180436392	0.6091017269481915	0.6090997725056874	0.6090978180436392	0.6399608011759648	0.6280030198943037	0.6090997725056874	1.0	0.6090997725056874	0.6091017269481915	0.6090978180436392	0.6091017269481915	0.6090997725056874	0.6090997725056874	0.8976630701078968	0.6090978180436392	0.6091017269481915	0.6090997725056874	0.6508704738857835	0.8736231594210144	0.6090978180436392	0.743727688169355	0.6090997725056874	0.6090978180436392	0.6090978180436392	0.6091017269481915	0.6090997725056874	0.6090978180436392	0.609103681371152	0.6090978180436392	0	0.6090997725056874	0.6090978180436392	0.6090978180436392	0.6090997725056874	0.6090997725056874	0.6090978180436392	0.6090978180436392	1.0	1.0	0.6090997725056874	0.863292734145317	1.0	0.6090978180436392
A1-A1dc-A1cp	84605	0.4141117177656447	0.4141087883681745	0.4141087883681745	0.4141087883681745	0.4141058589414106	0.5650086998260034	0.4141087883681745	0.6052798680032999	0.4141117177656447	0.4778778318325225	0.6399590010249744	0.628001159965201	0.4141117177656447	1.0	0.4141117177656447	0.5250518737031574	0.4141087883681745	0.4938326541836454	0.4141117177656447	0.4141117177656447	0.8976625584360391	0.4141087883681745	0.5346316342091447	0.4726005479890402	0.650868728281793	0.873622527549449	0.4141087883681745	0.743726406839829	0.4449411011779764	0.4141087883681745	0.4141087883681745	0.5727306817329567	0.4141117177656447	0.4141087883681745	0.43217703468895935	0.4141087883681745	0.6090997725056874	0	0.2153217701734474	0.4141087883681745	0.4763704725905482	0.4141117177656447	0.4141087883681745	0.4141087883681745	1.0	1.0	0.5527789444211115	0.8632920506192407	1.0	0.2298315525267121
A1-A1dc-A1ct	84606	0.4126288105678415	0.35626643733562663	0.35626643733562663	0.35626643733562663	0.3562632186839066	0.5650065249021264	0.35626643733562663	0.6052778944421111	0.3562696559551607	0.47787522124778753	0.6399572008559828	0.6279993000174996	0.3562696559551607	1.0	0.3562696559551607	0.5250494990100198	0.35626643733562663	0.4938301233975321	0.3562696559551607	0.3562696559551607	0.8976620467590648	0.35626643733562663	0.5346293074138517	0.4725979110313345	0.6508669826603468	0.8736218956715649	0.35626643733562663	0.74372512549749	0.4449383259251111	0.35626643733562663	0.35626643733562663	0.5727285454290915	0.3562696559551607	0.35626643733562663	0.4321741956451089	0.35626643733562663	0.6090978180436392	0.2153217701734474	0	0.35626643733562663	0.4763678544821828	0.3562696559551607	0.3668263317366826	0.35626643733562663	1.0	1.0	0.5527767083493748	0.8632913670863291	1.0	0.36544634553654465
A1-A1m-A1z	84607	0.4126288105678415	0.3134768652313477	0.15524844751552486	0.3134768652313477	0.31347343263283683	0.5650065249021264	0.3134768652313477	0.6052778944421111	0.24807127893081604	0.47787522124778753	0.6399572008559828	0.6279993000174996	0.31348029779553305	1.0	0.31348029779553305	0.5250494990100198	0.14423855761442386	0.4938301233975321	0.18589221161682576	0.31348029779553305	0.8976620467590648	0.21153788462115378	0.5346293074138517	0.4725979110313345	0.6508669826603468	0.8736218956715649	0.3134768652313477	0.74372512549749	0.4449383259251111	0.2069979300206998	0.1985580144198558	0.5727285454290915	0.31348029779553305	0.3134768652313477	0.4321741956451089	0.3134768652313477	0.6090978180436392	0.4141087883681745	0.35626643733562663	0	0.36943945840812387	0.34522982155267673	0.16826831731682684	0.3134768652313477	1.0	1.0	0.5527767083493748	0.8632913670863291	1.0	0.36544634553654465
A1-A1de-A1cx-A1m	84608	0.4763704725905482	0.4763678544821828	0.36943945840812387	0.4763678544821828	0.4763652363476365	0.5650086998260034	0.4763678544821828	0.6052798680032999	0.38106237875242494	0.4778778318325225	0.6399590010249744	0.628001159965201	0.4763704725905482	1.0	0.4763704725905482	0.5250518737031574	0.36943945840812387	0.4938326541836454	0.36944261114777704	0.4763704725905482	0.8976625584360391	0.4763678544821828	0.5346316342091447	0.4763704725905482	0.650868728281793	0.873622527549449	0.4763678544821828	0.743726406839829	0.4763704725905482	0.4763678544821828	0.4763678544821828	0.5727306817329567	0.4763704725905482	0.4763678544821828	0.47637570872873813	0.4763678544821828	0.6090997725056874	0.4763704725905482	0.4763678544821828	0.36943945840812387	0	0.4763704725905482	0.36943945840812387	0.4763678544821828	1.0	1.0	0.5527789444211115	0.8632920506192407	1.0	0.4763678544821828
A1-A1bw-A1bf-A1bx	84609	0.4126317473650527	0.34522982155267673	0.35380969285460717	0.34522982155267673	0.34522654773452266	0.5650086998260034	0.34522982155267673	0.6052798680032999	0.34523309533809327	0.4778778318325225	0.6399590010249744	0.628001159965201	0.34523309533809327	1.0	0.34523309533809327	0.5250518737031574	0.34522982155267673	0.2643683907902302	0.34523309533809327	0.34523309533809327	0.8976625584360391	0.34522982155267673	0.3430364240893978	0.4726005479890402	0.650868728281793	0.873622527549449	0.34522982155267673	0.743726406839829	0.4449411011779764	0.34522982155267673	0.34522982155267673	0.5727306817329567	0.34523309533809327	0.34522982155267673	0.09371718848434547	0.34522982155267673	0.6090997725056874	0.4141117177656447	0.3562696559551607	0.34522982155267673	0.4763704725905482	0	0.36682949755753663	0.34522982155267673	1.0	1.0	0.5527789444211115	0.8632920506192407	1.0	0.36544951825722616
A1-A1m-A1n	84613	0.4126288105678415	0.3668263317366826	0.15507844921550784	0.3668263317366826	0.3668231658841706	0.5650065249021264	0.3668263317366826	0.6052778944421111	0.2715209271860922	0.47787522124778753	0.6399572008559828	0.6279993000174996	0.36682949755753663	1.0	0.36682949755753663	0.5250494990100198	0.19758802411975881	0.4938301233975321	0.21911171332430013	0.36682949755753663	0.8976620467590648	0.3668263317366826	0.5346293074138517	0.4725979110313345	0.6508669826603468	0.8736218956715649	0.3668263317366826	0.74372512549749	0.4449383259251111	0.3668263317366826	0.3668263317366826	0.5727285454290915	0.36682949755753663	0.3668263317366826	0.4321741956451089	0.3668263317366826	0.6090978180436392	0.4141087883681745	0.3668263317366826	0.16826831731682684	0.36943945840812387	0.36682949755753663	0	0.3668263317366826	1.0	1.0	0.5527767083493748	0.8632913670863291	1.0	0.3668263317366826
A1-A1dl	84614	0.4126288105678415	0.18146818531814682	0.3538064619353806	0.2573474265257347	0.17609411952940235	0.5650065249021264	0.27784722152778474	0.6052778944421111	0.34337984930226045	0.47787522124778753	0.6399572008559828	0.6279993000174996	0.258151127733084	1.0	0.17492237616435755	0.5250494990100198	0.17609823901760982	0.4938301233975321	0.2792208116878247	0.1428528572071419	0.8976620467590648	0.3264567354326457	0.5346293074138517	0.35948960765588517	0.6508669826603468	0.8736218956715649	0.24957750422495775	0.74372512549749	0.4449383259251111	0.21571784282157178	0.17609823901760982	0.4534709305813884	0.1717324240136398	0.12561874381256188	0.3403164920876978	0.17609823901760982	0.6090978180436392	0.4141087883681745	0.35626643733562663	0.3134768652313477	0.4763678544821828	0.34522982155267673	0.3668263317366826	0	1.0	1.0	0.5527767083493748	0.8632913670863291	1.0	0.36544634553654465
A1cc	85654	1.0	1.0	1.0	1.0	1.0	0.8219617803821961	1.0	0.8154427683584746	1.0	1.0	0.8737218941715874	0.8556628867422652	1.0	1.0	1.0	1.0	1.0	1.0	1.0	1.0	1.0	1.0	1.0	1.0	1.0	1.0	1.0	1.0	1.0	1.0	1.0	1.0	1.0	1.0	1.0	1.0	1.0	1.0	1.0	1.0	1.0	1.0	1.0	1.0	0	1.0	1.0	1.0	1.0	1.0
A1cl	85655	1.0	1.0	1.0	1.0	1.0	1.0	1.0	1.0	0.7519224807751923	1.0	1.0	1.0	1.0	1.0	1.0	1.0	1.0	1.0	1.0	1.0	1.0	1.0	1.0	1.0	1.0	1.0	1.0	1.0	1.0	1.0	1.0	1.0	1.0	1.0	1.0	1.0	1.0	1.0	1.0	1.0	1.0	1.0	1.0	1.0	1.0	0	1.0	1.0	1.0	1.0
